# oST version 5.0 parameters


[image]

width
1920

height
1200

[narrow_stereo]

camera matrix
1148.042702 0.000000 960.219163
0.000000 1147.503645 595.778368
0.000000 0.000000 1.000000

distortion
0.000319 -0.000510 0.000185 -0.000246 0.000000

rectification
1.000000 0.000000 0.000000
0.000000 1.000000 0.000000
0.000000 0.000000 1.000000

projection
1147.514648 0.000000 959.088767 0.000000
0.000000 1146.935181 595.544561 0.000000
0.000000 0.000000 1.000000 0.000000
